  1.72001 3.54233
  1.73705 3.80387
  2.74029 4.90426
  2.82801 3.74981
  2.0627 4.28702
  5.29784 7.86715
  4.26742 5.73833
  3.08276 4.81909
  3.38965 6.34246
  3.18335 5.46691
  5.19263 7.58638
  3.8249 5.41024
  3.05769 6.08913
  2.86722 4.55961
  3.45267 4.025
  -1.09282 1.65158
  4.09882 5.71145
  2.37853 4.22539
  1.71788 3.49619
  3.72033 5.56342
  3.43491 4.7781
  3.01719 4.27612
  1.67546 3.80114
  3.95072 5.13032
  3.62516 5.81514
  1.3244 3.61395
  4.13206 6.71747
  0.624642 2.63247
  -0.138841 1.14466
  2.26818 4.37758
  0.797972 4.07173
  1.66544 2.1391
  2.27775 4.99655
  1.62911 4.17862
  2.48539 5.7884
  2.80584 5.17851
  3.82161 5.9281
  1.17522 3.81488
  6.46533 8.36215
  4.27095 5.40057
  1.45495 3.10246
  4.64665 7.37632
  1.56194 5.02216
  -0.0908739 2.74346
  2.13272 3.85499
  2.33525 5.03533
  4.86046 6.91396
  2.99395 6.12219
  4.7787 6.4393
  1.69842 2.62256
  4.12373 6.20948
  2.71927 5.1041
  0.557033 3.90794
  2.37685 5.10093
  3.29338 5.06596
  4.66028 5.91136
  3.64988 5.87775
  3.36351 6.20149
  4.10446 5.00347
  4.02673 5.9096
  4.29757 6.47999
  0.439494 2.20147
  4.42588 6.1916
  2.47859 4.80474
  3.69942 6.16637
  2.22002 4.16419
  3.80162 5.26173
  1.92418 3.88181
  2.85918 5.36279
  3.99173 5.74309
  2.40172 4.3391
  6.61327 8.96315
  4.59894 6.8823
  2.80092 4.26882
  2.44063 4.1346
  4.78237 6.25925
  1.86374 3.79725
  3.07702 5.08236
  3.17238 4.88339
  2.45638 6.08748
  2.56752 4.34975
  4.78613 6.22554
  2.64973 4.43795
  0.416462 3.14064
  1.38457 4.39341
  3.4314 5.80088
  1.12086 3.8333
  3.28512 4.62232
  3.41928 5.07766
  2.78879 6.032
  3.84753 5.53819
  1.57764 4.66873
  2.45603 3.96095
  3.65042 5.90194
  3.77932 5.78434
  2.54261 4.08517
  3.97496 6.32532
  2.65694 4.69228
  2.44549 3.44472
  3.21424 5.13862
  4.15932 6.3077
  5.07782 6.51431
  4.64964 5.92665
  3.75256 5.32628
  4.5423 6.35403
  1.10102 3.0951
  3.4615 6.57449
  3.22992 4.96986
  2.90985 5.21216
  3.04211 3.93686
  4.85741 7.06707
  5.29279 6.02493
  3.01112 4.1569
  0.806742 4.04936
  3.58001 5.3866
  1.50118 4.39828
  3.1222 4.44329
  1.7515 4.01412
  3.91596 5.00854
  3.37972 4.80244
  2.81613 4.56759
  3.03953 5.08756
  0.0228595 1.57861
  1.90918 4.9716
  2.23386 5.14022
  1.04513 4.03536
  4.95321 6.38233
  4.08557 5.4189
  6.62735 8.67925
  -0.303991 2.33469
  3.17823 5.20034
  3.61879 5.5405
  4.33907 5.52169
  2.94556 5.03503
  3.81157 5.65758
  2.91135 4.49616
  4.3703 5.27613
  4.22594 6.01908
  1.45318 3.69222
  3.53003 6.31783
  1.98795 5.57981
  3.50643 5.02074
  3.58478 5.98019
  6.15499 7.60633
  3.80531 6.05904
  3.23177 4.18483
  2.30964 5.49669
  3.01824 4.27302
  4.83354 6.88752
  3.60283 6.35499
  4.83521 6.67734
  -0.742972 1.85688
  4.01379 5.63611
  1.84453 3.479
  2.66401 4.91356
  2.99683 5.04407
  1.40239 4.60076
  1.08034 3.63468
  5.66024 7.05371
  1.70256 3.20217
  -2.0128 1.3218
  2.44557 5.12176
  2.25128 4.7873
  1.56276 3.3352
  2.56638 4.77245
  2.45752 3.56023
  4.83763 6.41948
  2.35992 5.29216
  2.58671 3.88745
  3.61122 4.96754
  4.1957 6.45468
  2.53857 4.41967
  4.37649 6.09528
  1.405 2.7525
  4.37889 6.79843
  -1.49941 1.01464
  3.16593 5.06088
  1.12746 3.11249
  3.69329 5.94577
  2.75106 5.48646
  4.40636 5.71848
  2.75489 4.05223
  4.19518 5.72275
  0.0633134 2.51563
  6.57432 7.18924
  2.41035 3.3952
  3.79302 6.09135
  4.71387 7.48646
  3.98719 5.8414
  5.01791 7.22376
  1.17549 3.31643
  1.29029 3.25847
  3.09604 5.08817
  4.63792 5.99342
  4.16334 6.3199
  2.13719 3.83519
  3.8443 4.26253
  2.85421 4.56854
  3.4813 6.1791
  3.87646 5.1015
  3.72416 5.65035
  1.6079 3.70132
  3.28281 5.07419
  1.11526 2.94739
  2.28329 5.16701
  2.99569 5.41273
  4.32165 6.81782
  1.48697 3.71871
  1.58646 5.05929
  0.930285 2.3215
  2.82333 4.56081
  3.18123 7.01999
  3.09358 5.80383
  3.26073 5.35504
  1.03099 3.49002
  2.76839 5.1221
  2.29169 4.91757
  4.57977 6.82613
  6.2897 9.02897
  3.14165 4.18584
  2.8536 3.74821
  2.50961 4.43542
  2.84022 3.8732
  0.235037 2.39398
  1.88 4.13618
  2.03526 4.90517
  2.60963 5.62472
  4.16702 5.69725
  2.75463 5.88397
  4.02706 5.50152
  2.90452 4.9173
  2.06638 3.87316
  1.90145 3.01193
  2.53088 3.91289
  5.05443 5.62364
  2.97483 4.00943
  2.70037 4.64687
  2.76572 3.91677
  2.22398 4.9777
  4.31618 5.65804
  -0.532571 2.19004
  1.08221 1.858
  2.3295 5.22944
  4.46492 6.47842
  4.44952 6.73616
  2.02999 5.7886
  3.65461 5.70379
  3.80358 4.55921
  4.27652 5.64939
  2.81132 3.78735
  4.24453 5.88299
  1.27656 2.94434
  4.99716 7.18845
  3.60059 4.64951
  2.5061 5.71454
  1.91211 4.92867
  3.26033 4.59891
  3.83976 4.92886
  1.24708 3.66846
  1.88392 4.77857
  4.40532 5.5801
  3.0252 5.50273
  4.16286 6.63372
  2.81214 4.95585
  2.14352 4.06024
  2.36393 4.5825
  3.08194 5.41737
  1.13062 3.41448
  1.36651 2.61257
  2.20946 4.54137
  -0.573803 1.52911
  3.49169 4.61546
  4.00941 6.78954
  2.34742 3.55991
  4.04084 5.01277
  2.68806 5.98339
  5.54069 6.05111
  3.42129 5.13895
  4.8734 6.77749
  2.60932 4.03186
  2.10488 4.84294
  3.16832 6.71189
  2.17535 3.46064
  5.30554 7.30738
  0.561636 2.75274
  -0.506404 2.08536
  0.965591 3.12922
  3.26675 4.74711
  4.56141 5.65826
  -1.02572 0.527259
  3.018 5.09762
  3.11267 4.1154
  1.38103 2.7318
  5.35843 6.76111
  0.802794 3.38917
  3.30763 5.33064
  2.30993 3.62882
  1.31863 3.9888
  6.18158 7.78572
  2.64728 5.25027
  4.1092 7.09928
  1.16935 2.2327
  1.90347 3.89035
  3.82515 5.25354
  5.39732 6.89314
  3.2026 4.44181
  2.84192 4.76293
  2.03348 3.53844
  1.55813 3.17991
  2.99655 5.47927
  3.17 5.57792
  3.17529 4.66801
  3.2686 5.18307
  3.27013 4.57023
  1.56491 4.36372
  1.69735 3.44788
  2.413 3.7375
  2.47517 3.68986
  4.71572 6.38825
  2.88545 5.49818
  1.82708 4.28003
  1.55371 4.41791
  2.94057 5.16011
  3.73697 5.63661
  5.65686 6.39341
  3.23955 4.98507
  4.19167 5.37636
  3.99967 5.92126
  3.26189 5.67889
  0.139272 3.25262
  2.77978 5.75348
  6.39403 8.70111
  1.29587 2.97798
  6.48774 9.77183
  1.05516 4.08729
  2.92791 5.76496
  3.48322 4.87637
  3.46207 5.00311
  2.95162 5.92865
  3.7119 4.87635
  3.1432 5.75648
  4.88789 5.46447
  2.9961 4.35905
  5.08456 7.05662
  1.95813 3.71011
  2.21687 3.39675
  4.24187 6.25084
  3.93261 4.34967
  3.28196 5.78391
  5.69773 7.88112
  1.90255 4.2935
  3.56365 5.37938
  6.01621 8.44096
  5.27308 7.75927
  4.59768 5.21021
  1.80634 4.41123
  3.43993 4.99342
  2.15599 4.84611
  2.90753 5.31751
  1.15086 3.5095
  5.9973 8.11306
  3.59694 6.44515
  3.22397 4.3171
  3.4244 5.59758
  3.57209 5.16829
  3.33919 5.94494
  1.06718 2.42138
  4.21807 5.57689
  1.37875 4.45115
  1.27925 4.54316
  2.29311 3.31429
  1.63413 3.54298
  1.0944 1.85812
  3.46228 6.00529
  1.95742 3.14312
  4.25546 6.22042
  2.06881 4.17425
  5.45023 7.58158
  5.71613 7.65507
  3.37797 5.23025
  3.60029 5.53603
  2.02441 4.76942
  4.2348 6.53722
  1.09448 4.37194
  4.55246 7.46367
  6.29505 7.73911
  2.33657 3.46757
  4.11306 6.27873
  1.70295 4.78558
  3.23363 4.55822
  1.58593 5.0568
  2.63093 4.36817
  3.4789 5.51148
  1.57667 3.89164
  1.41869 3.23395
  1.54092 3.96947
  4.05184 6.76118
  5.16182 8.12646
  6.00019 8.36171
  1.34658 3.12421
  0.360763 2.17155
  2.39949 5.35394
  -0.311961 1.22186
  4.19206 5.64745
  3.91728 7.05476
  3.93311 5.17924
  6.60235 7.72131
  3.76 6.96676
  3.86004 5.11531
  2.45689 4.34331
  1.88294 3.41748
  1.65907 4.93477
  4.29155 5.7172
  0.230673 2.87402
  1.93419 2.63517
  5.15842 6.26531
  4.54311 5.6664
  6.80652 9.69322
  2.27388 5.3192
  2.59087 4.51612
  2.59286 4.08119
  2.48194 4.90095
  0.444138 2.63373
  3.13546 5.06852
  3.12537 5.67266
  5.00552 6.89464
  4.09273 5.94349
  2.74502 5.33588
  4.8509 6.53034
  3.62312 5.43008
  3.26875 4.51409
  1.74969 4.07816
  0.910321 3.85405
  3.75559 6.41678
  3.4965 5.94073
  1.87058 4.04114
  2.48409 4.1644
  0.825051 2.35
  1.86186 3.25645
  3.11223 5.52857
  2.51178 4.45518
  2.07953 6.50465
  1.12033 1.99118
  -0.0685601 2.55383
  5.17326 7.15506
  3.69782 5.69844
  2.01319 4.54944
  5.67818 7.29619
  3.06956 5.17865
  6.04673 8.6284
  2.20931 4.20929
  6.41757 8.86515
  4.841 6.02253
  3.06436 5.3546
  0.267114 1.23176
  2.76574 5.10273
  3.93826 6.36469
  2.87886 4.74414
  3.58414 7.10568
  3.28526 5.67001
  0.905563 4.11048
  2.63891 5.35954
  2.83442 3.84121
  5.9259 7.87355
  4.32452 6.0616
  3.01416 4.26944
  2.07709 5.45256
  1.88567 4.55024
  3.35094 5.01523
  2.46524 4.22866
  3.16707 6.32474
  3.4599 5.15262
  2.65665 3.68803
  1.78901 2.77719
  4.49659 6.28252
  5.85014 8.13356
  4.91894 5.13861
  2.16129 3.33752
  0.406311 2.99884
  2.37254 4.35531
  4.24474 5.36741
  2.15119 4.31046
  3.54247 5.40672
  3.15467 5.1653
  0.377908 3.17498
  1.42727 2.99274
  2.20457 3.80087
  2.65295 3.44842
  4.22748 5.92126
  4.51739 7.30634
  2.32924 5.70033
  2.9645 6.67817
  -0.403131 2.01239
  2.96612 5.25313
  2.07203 3.88004
  3.3669 4.83513
  5.22866 7.5771
  3.68378 4.17217
  1.9934 4.37222
  4.2638 7.10114
  4.85391 6.77159
  2.15808 3.18529
  2.48712 4.73233
  5.05241 6.65224
  7.14829 9.0321
  2.28853 3.92254
  5.4312 7.31502
  3.41947 5.10878
  3.1548 5.9111
  5.03367 7.29261
  4.34807 5.20076
  3.11215 4.52447
  2.10538 3.48982
  3.29403 4.30248
  0.172107 1.41407
  3.58506 4.71514
  3.41577 4.59444
  4.74734 7.33081
  0.260875 2.78921
  2.84301 4.74013
  6.09475 8.35522
  3.3773 5.69817
  2.59123 4.89447
  3.09247 5.83392
  1.20859 2.33233
  5.93687 6.61201
  5.30046 7.20307
  2.63933 4.69641
  1.63776 4.43367
  1.99849 4.11399
  3.20994 5.73932
  3.0543 4.57798
  3.0461 4.24388
  1.37078 3.07123
  4.64728 5.43212
  1.95846 4.40265
  1.9385 3.81199
  2.75007 4.78875
  3.75149 5.56213
  0.904002 2.76307
  0.0478883 2.9291
  1.42755 4.51898
  4.10914 5.54021
  4.70695 6.68647
  5.7758 6.51064
  3.25954 5.21033
  4.63572 6.84964
  2.81419 4.0201
  6.79814 8.23404
  3.74678 5.79877
  0.0600424 1.47265
  5.16187 8.09661
  4.58476 6.7812
  5.35483 6.68008
  2.95679 4.65868
  2.75882 4.14309
  2.28703 5.37164
  4.4106 6.67123
  2.8664 4.66022
  2.58557 4.4667
  5.21179 7.92021
  2.48401 4.25298
  1.73037 3.74595
  3.53388 5.83564
  3.05321 5.44089
  1.45201 3.40091
  5.24632 7.56964
  3.57696 4.9479
  3.52159 4.82523
  3.34492 4.44153
  1.68094 5.77034
  4.31138 5.92462
  2.73524 4.31658
  2.3214 4.44882
  3.94221 6.12123
  3.0322 4.74572
  6.12419 7.58813
  3.52317 6.45227
  1.63616 4.07722
  2.78799 4.95397
  2.69473 4.82854
  2.76718 5.42388
  2.57159 3.97918
  6.14423 7.61021
  2.75618 6.12163
  1.42719 2.44054
  2.6177 3.38543
  2.40968 4.92745
  2.6556 4.67875
  4.14002 4.85597
  1.25678 4.25523
  4.38861 6.06898
  3.08921 5.78329
  0.941042 2.8363
  4.43908 6.7132
  2.9257 5.23755
  4.01021 5.97997
  3.45273 5.40179
  2.87288 3.87631
  3.62615 6.00352
  3.0737 4.65362
  2.12241 4.86089
  3.82588 5.44615
  3.18774 4.54608
  1.94969 3.94132
  -0.456078 2.851
  3.8736 5.53055
  5.53576 8.1274
  1.97002 4.18663
  4.04233 6.36875
  5.3569 5.47468
  4.12483 6.04858
  2.30009 2.98444
  3.76076 5.37638
  4.17101 5.46363
  1.7392 4.72428
  1.23405 3.36838
  3.24742 5.25745
  2.44215 2.87164
  4.83153 7.31461
  3.44384 4.43423
  1.62133 3.90716
  1.37305 3.78181
  1.90284 3.44003
  3.10278 5.56071
  0.574414 2.89856
  1.01885 3.65646
  2.84772 4.69828
  1.36805 3.61422
  3.03806 4.86329
  5.35709 6.79893
  4.03471 7.39958
  3.38705 4.2924
  3.82327 5.47409
  4.48711 6.91536
  2.89264 4.27703
  2.59233 3.88573
  2.96469 4.89301
  3.51035 6.19347
  -1.0975 1.55826
  4.60649 4.65578
  3.84917 4.99091
  5.52597 6.9896
  4.92055 7.26796
  0.761781 3.60497
  2.53987 5.77011
  4.2135 5.59615
  2.49448 4.75155
  2.18517 4.92105
  4.0992 6.48534
  5.05821 5.95498
  2.83332 5.01697
  2.67404 4.7302
  2.04143 5.52045
  4.28656 6.02005
  2.64396 4.49607
  0.457971 3.69002
  3.51383 5.13304
  5.4956 6.53244
  3.6642 4.9043
  2.93475 4.21941
  3.4843 6.2255
  3.17511 6.03417
  2.25348 4.36924
  2.87583 4.67088
  2.41026 5.73844
  2.85391 6.0941
  2.09812 3.54506
  3.23419 4.98806
  0.77837 2.78016
  0.990759 4.1623
  4.22148 6.09575
  3.17014 5.89134
  4.28318 5.93905
  5.01564 7.14104
  3.41671 5.49317
  4.46568 6.38992
  3.23847 6.76063
  2.51015 5.8151
  2.78384 4.69038
  2.8913 5.11732
  3.79498 6.0412
  4.09129 6.25783
  3.81483 6.21781
  3.29085 4.42609
  4.17055 6.14201
  4.88301 6.50537
  3.593 5.58862
  2.26687 3.95664
  1.2468 3.2806
  3.31479 5.36154
  1.65336 4.39733
  2.95511 4.37555
  4.2394 6.49126
  2.71381 4.74158
  3.5692 5.2137
  3.56747 5.87482
  4.21756 5.91824
  3.48039 5.35882
  6.34158 7.9591
  3.03441 5.42895
  4.24578 5.48421
  1.61864 3.52206
  5.08946 7.26123
  2.80572 4.99192
  0.37238 2.45582
  3.07262 6.23837
  0.258398 1.32607
  1.92962 2.30785
  4.09379 5.98611
  2.30519 4.86978
  3.16919 5.27183
  2.10569 3.69577
  3.22 5.55731
  3.46637 4.40919
  0.834637 3.38283
  3.26993 6.43538
  4.36965 5.77576
  3.99817 6.67957
  3.57757 5.21863
  1.02557 2.58423
  3.83528 5.46902
  3.41112 5.68726
  2.75118 4.75493
  1.1697 2.2707
  5.13812 7.2766
  2.71683 4.54814
  3.01298 4.85155
  4.08292 5.17334
  2.83668 3.82881
  1.30289 2.43929
  2.8405 6.83483
  3.74183 6.461
  3.28462 3.91592
  1.74862 4.20722
  4.42551 7.15297
  2.37832 4.66462
  4.68846 5.95573
  4.00866 6.06671
  2.80614 5.22059
  3.03331 4.06665
  3.40772 5.60655
  1.88706 4.2968
  4.05596 5.34568
  2.8366 4.03499
  3.13292 5.70985
  3.9579 5.83039
  6.24375 9.12418
  0.179227 2.29202
  1.61382 3.11251
  3.5388 5.56492
  1.54174 3.08783
  2.63232 5.53401
  2.47818 5.37516
  0.391693 2.6267
  1.23881 4.11826
  1.53275 4.89382
  3.08149 5.64552
  3.77367 4.44561
  3.857 4.74379
  0.330009 2.21806
  2.29599 4.39032
  0.50652 2.52785
  2.19718 4.49865
  0.552322 3.29972
  0.466916 2.68933
  2.8112 4.39093
  3.28638 5.16131
  1.35434 4.33487
  4.74454 7.23489
  2.3537 4.47462
  -0.696823 2.01635
  4.7534 6.85517
  1.20669 3.66072
  5.85045 6.72803
  2.19728 3.611
  3.35022 4.284
  2.31772 6.28963
  3.41109 4.94048
  2.18677 3.68038
  1.56039 3.3526
  2.71765 4.87017
  -0.120024 2.92286
  0.631251 3.21833
  3.98226 5.46083
  3.04556 5.71341
  1.76714 2.74667
  1.77274 4.2204
  -1.0697 0.971188
  4.34971 5.9265
  4.22802 5.21585
  4.48205 6.28827
  4.6893 6.95951
  3.62418 4.73118
  6.36703 6.63463
  4.57303 6.51799
  2.60175 5.21113
  2.88509 6.33126
  3.01127 4.36786
  1.97349 4.53624
  2.73866 5.34467
  3.06916 4.06203
  4.68732 5.42917
  3.22246 5.4156
  1.84271 3.8309
  1.47119 2.50307
  2.67836 4.01859
  3.47382 5.14678
  3.21715 5.52697
  2.34719 2.65067
  0.943693 3.09318
  2.61665 3.52788
  5.38208 6.4916
  2.33629 3.31462
  4.83453 6.29002
  3.76157 5.08655
  3.51441 6.10226
  4.8541 6.85774
  4.89683 6.4253
  0.734372 3.08105
  1.63406 3.06505
  2.514 3.69561
  2.83207 4.37951
  2.38374 3.97574
  3.78521 5.69424
  3.50911 6.86828
  5.06946 7.67882
  4.54861 5.51605
  2.66994 5.39326
  4.03178 6.52987
  0.837464 3.72413
  2.95016 4.5944
  3.66456 6.16393
  2.64767 4.71478
  4.22303 5.3953
  3.50939 5.71578
  4.42794 5.20581
  2.70738 5.19748
  -0.491998 1.11633
  2.13148 4.06464
  3.70926 6.13116
  3.59149 4.55688
  2.58172 4.45046
  1.64752 3.38103
  3.11487 6.49252
  1.71434 3.11206
  2.76132 4.99489
  3.05981 4.43987
  2.44926 4.7043
  6.34343 7.22625
  2.82868 5.07296
  3.24345 4.97729
  4.04881 4.48705
  3.3227 5.85631
  1.5099 3.61386
  4.70013 6.89349
  1.3369 4.26045
  2.70796 4.45278
  4.12586 5.38505
  4.14031 5.99014
  2.90137 3.71636
  1.40482 3.67546
  2.81861 3.82324
  1.72666 4.23475
  2.25985 4.23039
  3.01443 5.51724
  -0.198335 2.58996
  3.31052 6.3862
  0.522233 3.29782
  3.07971 6.22882
  -0.953344 1.5303
  2.25044 3.43567
  -0.602955 2.31473
  3.96226 6.11596
  2.76962 5.44391
  0.658295 2.73559
  0.695265 2.35296
  5.21721 7.13531
  1.76207 5.19055
  1.73112 3.49381
  7.43252 9.55994
  4.20225 6.07341
  3.45366 5.15168
  4.23997 6.23713
  4.07656 5.41436
  4.381 6.67327
  1.19068 3.42697
  0.130291 2.59115
  0.918599 3.98145
  4.37979 5.46845
  3.08358 5.49488
  6.79795 8.8852
  3.51889 6.5225
  1.76041 4.46475
  2.79244 5.06308
  4.35204 6.39602
  4.75598 6.12258
  3.07805 4.45532
  3.23486 5.3484
  0.030748 2.02425
  4.54109 6.82654
  1.594 3.70326
  5.08346 7.83629
  4.59159 7.04657
  3.07568 5.31212
  4.99503 6.82961
  1.14417 3.35777
  4.42242 5.76391
  4.65492 5.55336
  2.46771 4.62529
  0.779023 3.11249
  0.199596 2.71675
  4.3232 6.41915
  5.74181 7.44231
  0.500416 3.94891
  0.571608 3.12116
  0.19506 2.5886
  4.09486 6.01732
  2.31837 5.74176
  2.6897 4.70244
  2.59976 4.62916
  1.73594 4.68719
  0.679781 3.15137
  2.58773 5.20326
  2.94857 6.31595
  3.53339 5.62887
  4.25584 6.95803
  1.69318 3.50872
  3.53091 5.3961
  1.5692 3.89075
  5.05386 7.46924
  5.39589 5.61542
  0.748328 1.85866
  2.16941 3.66854
  2.91509 4.82466
  2.60065 4.76575
  3.06149 3.37345
  2.36902 4.31724
  4.38632 5.93101
  2.25731 3.95562
  2.02181 3.52075
  2.72602 5.64762
  1.61504 3.64469
  2.8283 5.06255
  3.08221 6.84707
  1.25408 3.78591
  3.05154 4.5522
  5.61912 7.11036
  3.5034 5.66405
  1.83399 3.90399
  5.55959 7.3165
  3.64935 5.57513
  0.0588064 2.92429
  3.94502 5.63355
  2.44001 4.13209
  2.00217 3.86126
  1.51805 5.35638
  4.41827 5.48142
  0.84263 4.15209
  2.21648 3.85152
  2.69379 3.94684
  4.07193 5.35591
  4.14347 5.94878
  3.27932 5.66998
  6.22487 6.67502
  0.172597 1.46257
  2.60917 4.35486
  3.9478 6.50928
  4.21949 5.40052
  5.78044 6.14799
  1.62789 3.39351
  2.05812 3.53901
  2.32517 5.60549
  3.77909 5.73666
  5.46285 7.5567
  3.42886 6.86503
  1.98796 4.41947
  3.94293 5.69757
  3.73224 8.37436
  0.668923 2.72315
  2.64523 5.18083
  4.41572 6.48823
  1.90926 3.94711
  3.61364 5.43322
  4.68675 7.41326
  3.88682 6.04696
  2.86378 4.7373
  3.09306 4.32997
  7.2611 9.08033
  4.48031 7.31156
  4.28022 5.79228
  2.48707 4.29374
  3.64185 5.56981
  1.73767 3.53882
  -1.42608 0.327932
  2.32919 3.01097
  0.636091 3.54801
  5.67556 7.11114
  1.59585 3.55727
  5.07431 7.39405 
